Program configuration:
  min_n ....... 10
  max_n ....... 57
  n_sums ...... 20
  n_problems .. 48
  integer_t ... 64 bits
n -> 10
0111111100
0111011100
1100100101
1111011100
1100111111
1011010001
1110010101
0100001110
1101110100
1110000000
1000111111
0110010011
0101101000
1010111111
1101100000
1001011010
0111100011
1001100011
0000111100
0010000000
n -> 11
10110100110
01000110011
01001001001
00011000110
01110101011
01010111010
10011101110
01101100100
01110010000
10011110101
01000011110
11101000011
00000000110
11100110010
00001101110
10110101001
10001100000
11010010001
10111010011
10001101011
n -> 12
101111001110
100101000111
010010011101
110100010010
001111000110
010100011111
010001111011
100100101110
001110000001
000110011111
011010000111
101111000110
110110000011
001000011001
111111000001
000010011101
110110111101
000011011100
000110110111
100100010011
n -> 13
1001111111110
1010001111101
1010111111100
1000110101100
0001110010100
0010111010010
0001001001101
0100010110000
0001110101010
0010000101100
0101001000001
0000000000110
1101111001011
0001111011100
1011101101101
0101101010100
0100101000000
0000010010011
1001010101101
0010001001001
n -> 14
11101111110001
11000101111100
10010001001111
00111001110110
01001001001011
00000001101101
01111000011010
11001010010001
01000001001000
00101000011000
10101011111111
00100100101011
01101111101110
10010010111001
11110000010001
01011111000110
11010000011011
10001001110011
01010100101100
00011100001101
n -> 15
011101000010110
111111000100100
111100101110000
001111101110010
001101110011100
001000011011101
101001110010010
101000111111110
010101101010011
000011010100110
111000010001110
010000000001101
100110100000000
011110110000000
101101101010010
111010011100010
101101111111011
100100000110110
101111111011010
110011100101110
n -> 16
0000000010100010
1111000111110100
1000000010100110
0011101100000101
1101110111010000
0110101011011101
0111000110101001
1000011101000101
0111110011111110
1011111110101110
0100001010001111
1001111000110001
0011111110110001
0100011010011110
1111111011010011
1101000000101111
1010101110100100
1101000111101001
0010010010100011
1010001000011101
n -> 17
01101101110101010
10110101111010100
11000011100011111
11110111001011101
00100110001010011
00000011001000101
11101110011010001
00000010110100001
11000000110000001
11110000101111110
11001101001111011
11001101111101011
00001000110110011
10100110111000011
10110111011111100
11000001101101000
01111000011000001
01110110000001101
00110100101000010
10000001110010100
n -> 18
000100001000000110
000110111111110011
101000100110000101
001111011100101001
111010000101011110
001111000111000101
110010110001101111
000011100000001010
010000001110010111
000000011111111110
010100101110101011
110110010101110010
000101111000001101
100111101111001000
011011010011011110
100010000001011101
100000000000010100
111100100000011001
010111010001101110
111010100101101101
n -> 19
1110110001101001100
0011110011010000011
0001100000100101000
0100011011010110111
1000001100000111000
0011000011011010001
0111001110010001111
0011001101001011000
0011100100100110101
0111011010010111000
1010100010000100110
1010110100110100110
1011010011100111011
0101001001100100011
0101100010101000010
0111000100001000010
1001111000110010101
0001111001010100110
1100101110011100110
0010111001000110011
n -> 20
01101000010000011011
01100101111011110110
00000100010101111000
01001100110011011001
10000011011101110011
01011011000100111101
01011101100110100010
00101010010110000000
10011001101001110100
01111011011000110000
11011000000000001110
00100010111010010101
01101101110100100011
01011011000111001001
11010001100101011001
01011101111111000011
00100110100110001010
10001010110101011011
00010011100000110100
01111010101100011110
n -> 21
101101110101101111101
001100000010011001101
001011111010110010011
000101110111110000110
001111011100111011111
110011110010010100110
010111111001010001000
101011000011000110111
010011011011111000010
001110101111001000000
011100000101111010010
000101110001011011101
001111111111011101100
011010000001100010111
011101000101010110100
011010000110011001010
101100010000001100001
001111011100000011001
110000000011110001000
011100010110000101010
n -> 22
0010001001101110110011
1100010010011101001010
1111101010001100001101
0001001011000101101011
1101011100111010010111
1001000011100110100110
0111110100000100100101
0110000001011001001100
0110001100110001011101
1011011100010001010110
1000000010000001110010
0001111010000001101101
0111111101100110100001
1011111011001110101011
0010010011100010100000
1100011001010011010111
1011000000000011010101
0101110000110000111010
0001011110100111001111
0001101000101100010010
n -> 23
01010000000110000100110
01000100111001011110011
10110101110100000100001
01111011000100101000111
00111001100000010110101
00010001100111101011111
01010101011001100100100
01110110000111001111010
01110011011110011110110
00000100101100110000010
11001100010100010100001
00100000110011001100011
11011101110000010010001
11011001011111110000011
01010001110010001000111
10111000001110101010110
00000101011001001000010
10000100101001011010001
01011101110101001101001
11111000101011000111001
n -> 24
100001000001010000100001
010101111110010011110011
111110010101110000011000
001001100100000100100101
111100101001001111010101
001110110110000111111001
010111000110100100101111
011100010100100101111110
110000110011100010101001
110111001011011010101011
100011001101010000111010
110111110100101001111010
010101111110101100110010
010100100110111101001001
110101011100010111010110
100010101001001110100101
101110001010010010101011
001011000111111001011011
110011011100101101001000
010010000000011000010001
n -> 25
1000111100010110010000110
0000110011110011000101011
1010001110011110000101100
0100110100001100010001110
1110100000010011001000100
0010111000100000010101000
0001010011100111110110001
1011010100100010110000000
1101000111010011000010000
1000011011011000110111000
0100101110000101110011111
0010001010110101001000110
1001010110010001100110001
0001010101101011000110000
1011110110011010111000000
0000100101011010101011100
1011111000000010000001001
0000110101000100100101111
0011101111001101010001100
1100011111100010000001101
n -> 26
11100001100101101010000001
00000111111101111000000100
00000101111010000101000011
01011100011100000001001100
00000011011101010101010000
00011111011011111101011010
10010111001100011110101001
11011001001001011100101100
01101101110100100101000110
01011110100110011100000111
11110110101010101000110011
01011000101111100100100100
01100010011100101001110010
01001001010110001101001110
11111001111100010101010011
01001010101110110000110011
00100001111110010001001000
00101100111000111111101000
01001100010011000110000111
01110111010110001001111001
n -> 27
110011000101101000111010010
111010011101000101100100101
001110001011011001100101111
100110100000010111110000001
001101110110001010011011110
011010111000010000010011110
011010000011010000111111000
011100001111011000100101101
010101101110111101111000101
110000000101000101101110110
001000000011110110101010000
100100101101000010110000010
100110000000100000011001010
000100010010010011101001100
100001110110011010101011111
001101000101110011111011100
010010101000011001000010000
000011010101001011000001101
101001111111001110011111000
110001010100110110000110001
n -> 28
0110000000101001111101001111
1000100011110010110001000011
1100111110101101101100000010
0101010011010100101100001110
0100000101111100101000111001
1100010001000011010100111011
0011011101110101011101110111
0100010010111010101111101100
0100011110100001101011111110
0010111010011110001110110011
1000001111110011101110111100
0111011011110001100010001110
1101000011001001000100000100
0011111111101110000011100110
1001001110101010111001100110
1010111011101110100001011110
0110011001011100000101101110
1001101011111101111000011000
0110101110110110001010010011
1101111110000101110100011110
n -> 29
00100101100101101000011100011
00110001111110000011101101000
10011110110101110011110111000
01000001110100010010000010110
11100001011101000011010100111
01011101111000101100110101100
00110000001101011010100011001
10001000111110001010010000001
00000110010101010011000101110
10111000100100111101010100111
01011000000001111110010001101
10011000101110100010101010101
00000001000001001110000000001
00100000100001010000011001010
01111010001011101101000010111
01111011101001110000010101001
11100010100010010000111110010
01010010010101000010100001011
00100001000000101010101000000
01100111100101001010000010001
n -> 30
100011111001111110110100110001
110000001011101110010000110110
101101110101111101111110011001
000110000101110111111110001001
110100000000101010100011001110
001001011011100010111011010110
101001111000111101011001011110
010100110010001010100010101110
000110111100110011111010110000
010101010101011011011110110100
110101011100101101100000110101
101001000101111110111001101010
010100011000100111001010100111
110110111111001111101011011010
111101100010110011001110011011
100000010000111001001110110001
110110101010011110001011010111
111110010001011000000110001011
110000110101110000000100010100
001011000111001001000111110111
n -> 31
1110101110011010110101101100010
0101100011111001111101011001000
1110110111110011000010000100101
1011111000100110000010100010111
1111111010111010101011001000001
1011101101010011110111001001101
0111011001100110100101001110110
0011100100111111111111011010111
1010001011011101010000000001011
1111000000000011001001000000100
1000001110011010100101010101001
0001101101101000111010001000111
1011011101010000110000011010111
0101011110111010100010101100111
1010010111100010010010101000111
1010110010101101101010110101111
0101111011010001010010000110111
1011100000111110000101000100000
0110001101010111101111110011000
1100001110101000001101001011000
n -> 32
00101111000111001101110110011110
10011000101000110010110001000011
10111101001101100101001011010110
00100000111011100100001011101011
00000111100110001110101110110100
00101101001010001111100100011011
01101010001110010001111010101111
10111101110100101111011101100110
11101110010111000011010100001110
01101000110001000001111001011100
11101011110011001010001101011101
11110000100010010111010010110000
10110100000000010010000000001100
10010010100100111001100100110000
10000101100001111100001111011010
11011101110001010000111010111101
01010100011111110011011110010001
00001110110010011110101101010111
01110111101101001100001001100010
11000000011001010011011111111101
n -> 33
110101100001110000000010010111101
010101101000000110110100010110011
111101000101111100010000110011001
000001101101000100111101000110101
010111010011100001101110111100010
000011110001010001100011001000110
000000010010100111110101000010110
010100101001101111000101101110001
001101011000100111001100100101000
001011110010110000001000110000111
010100111000110000001100101101011
101001100100000101110111111111010
110010110001111000101101010001011
001010100110000011100111010100011
011001111110110000010001110101001
000101001100011101101111100110111
010010000010110001100000000011001
011010010010001111011100110100011
011111110100100000010101001011101
000111101101001110011100011100001
n -> 34
1111001100100011011111000110000110
0000100011001000011011000010011010
0110001100000101100111100000110000
1100000000100000101001101010101101
1101011101111110111010111001010010
1000100001010010010000100101010110
0010101111000011100010011010111111
1001010011110011101110100100011110
1001100111010110110010100010001000
0010110011000011110000011110111011
1000000010011101001000001101111010
1110011111010010101110111110011100
0101001011100110101011110001000000
1011001101001101001001110001011010
1001001011110101110000011101111000
0000111111101001010110100100000100
1000101000000101110001111011010110
0101001101111011110101110001001010
1100001001001100001011110110011010
0011101001000100100110111101000110
n -> 35
01100101000000011111101110101100111
10000010010011110100001100101101111
01000101000101101100010110000111100
00000011101111110000100000110000011
01000100011100001011011111010011110
10010100010000100100011110001100001
00101110011010101101010101100110110
00101110100011110110001100100011111
10011010111001000000011111110000101
01111101000000001010110100011010100
11101110010010010100000100101011101
00100001110110011010001001000101011
10111111001100110000010101101000011
00001011101110110110111100111110000
01101101111000010111010011100011101
10111110001101110101111111101101100
11110100001001101010101100110110001
11101100001111000010110001100000010
00000111010000110111011111111101011
11000100000011001011100100011101110
n -> 36
001101001110000000011100001101011100
101001101111100101001101000100110010
100100110111000000010010001101011010
011001011110001000111001111000110111
100101010110101110111000100001110001
010000111101101001111101011010110111
101000111011010100000100011001010110
101011101111100110101100100111000001
100001110000010001111000011100000101
011010101110111111000100101001100111
011110010010010010110101001010001100
111001000101000110010001001010010000
111101111001111011110011010111110111
110111100001101101011100000011111001
011110011001010100001101001111101011
011101101010110000001001111011101100
011100000010110011010110000001001100
101000001011011100101000001110010001
011000001101001101011010011101000001
001001011001010000100110001001101110
n -> 37
1010100111011000110001001101111100110
0100001001010101011011110010001101100
0010101011110001011001101100110000111
1111001011111111010001100111010111010
0100000011110110010001100001111100000
0110001011011100010000000111101101110
0011010100101101011110011101010000100
0001001111110000010011011011000000010
0011001101100001100010111010110010110
1000110000100010011110010011101011010
0100011110111000011110011011101111110
0001011100000101010110110100101111000
1111001110001100101110011001000000110
1001011001001100111000000101100000000
1000110010110101101110001011011001001
1101010100111100010001101010010100011
0001100111101100101001010101111001100
1101101000000001110011011010101010011
1000010010111010110100001100100111001
1100110111010101110111011100100101110
n -> 38
00101001100001111011111000010010001010
10111001000011001010010101111001100010
00111000100001000010111100111010000011
10001010101100000001010111101110001010
00000011001110111000111010110100100000
11101011011001100001010011001111111101
10011001011111101000101000000000011101
10010011010110100010101111010001100101
10111000010001011111010101011111110010
01000011000111011010100111110000000111
10010100100100111011100001111101000101
00010011010111111101000110111000111001
11100100111010001001010101100100001001
00110111001011001101000101010000111010
10111110001001101001010111000001111000
00100011001111000001010100010111100001
01111001011101100110101001101111110100
10000110110111010111100111011111111101
10001011101001101011010101111111010000
11110010010111101011001000000011011100
n -> 39
101011001101000011010111110001011111101
000010110000110100001101010101101010011
010001000010001010111000100100001100111
110001011111100000001010001001101011111
010011100101101011101000100001101111001
000110101000110111101000100101100001011
110000011001000110111011010101011001000
111011011000110000110010101101100011001
110101101100100111011101111101110110111
010010000101000100010110101001111000111
001100101110010100001011100000001110010
101100111001010010001110011011010110111
101011011001011101010011101100110100110
011101101000001111111100011000010101011
110011010111110111101101010000000010011
110011110011000001000100111101111011011
010101100000101010011001100001000101010
001100100000111111001011000001010111111
111100011110011111101100001010110011010
010001100010010111100001110111111001001
n -> 40
1111011000010001010111111100100101100001
0100101110011101010001000101000100000101
0110000100100111111101001111111111010111
0000100100100101110001001011111100011100
1101001100111111011001011101011110001001
1111111111100110110100000101011101110010
0001001101111111010011001001110001011100
0001011101110010001001011011000000000110
0011011000111000101111100110011101011110
1011111001010100001110101100001100001011
0111011001110001000110110101010100001001
0110001011010110001100101110110101101100
1010111101011011001010000010001000011111
0001001101000010110111110010000111001010
0111001101001010101101011101010110110011
0110100110101000101100111011010000000010
1110010010000100101001111110011110101000
0001000110100100111110100100011011100110
0011110110101111001000100010100010100100
0010101010100111001111010001000101101110
n -> 41
10110101110000010101011100011110011011100
01010000000110010111000000111100001000000
00011000001010111111101110101010110011111
01011101010000111111101010010011101001110
11001100101111110101100110101000111011001
10110110100001011011010111110001000010111
01001001110110100111111001010000000110100
00010011001101101100011000111010111101100
01011000110011110101101001001111100011100
01001011000111000110000100100010000100100
10110110010001011011111000110000100110111
11011001010111010010000110100111110011001
11000101000011100111110001100110010000010
10110011100011011000000010010010110111010
00111110011111000001101100010110011011101
00101111011101101010110111100001001001010
11000110000001000110111000001001110001001
00110000011100111111001100110000011111000
01000010100100111010110000110110101111001
01000101001111111011101000010110110001011
n -> 42
011110000000000001110111001011100101010101
010000010101001011000010110000100100110100
110011111000010000000111110011001111011100
101000101110001111001010010101100111101111
101010111011001110000101000010110010011011
100011000110110100010110100111111000111011
111011101000111010010011100111001000111111
111101010011000100100100000101001100011010
010001101101100110010000100010101101000000
110110111110010111111010101101000001011100
100000100100100001101011001101101110000111
001011000000000100111111110000010011000101
011000110000000011100101001101001000100111
101010110010010010110111000000110101110100
001100010000100001011010110110111010011111
011001010111011011111000011001001001000010
101011110101001000101010100110111111100001
101001000100001101001000100110011100101000
011100000011101000010000001110000111011110
011010000110011111100111000101110110101110
n -> 43
0000001100011111000100001101011100111001111
0100100110000000100110010100010101111011100
0001010000100000110100000011000010011100101
1101000011011010001011011000001001001110011
1011111100011000001001101010110110110100101
0100001000101100101111010000101011100000010
0000100000001010000101111000111101101010110
0111010011111100000110110010010001100011100
0111010000101011101110010001100011000111011
1010001001110111000100110001000000010000110
1111101100111101101010001101011101100011100
0000011111010000101011001110100010111100111
1101111010110100010100001000100000110100101
1100101000010110110001100000011001011100111
1101110010001111010110001111001101010100000
1001100111101000011000100111011100000110111
0001000001010001010010011100101000101110110
1000010000010101100101011111011110100111000
0010001101011111111101000010001011001001111
1011111010011110010101111111110001001100010
n -> 44
01111110110001101111100001010001101010100010
11101100101000010101111100111011100010000000
01101100101011110011000011001011010011010110
10000001010100101110111110101001001010011000
10110001101100010101011100110010100011100001
11001001011000100011101111001101010101001010
10011000010101101000100101010010001111001110
11100000001110010110110111001111100010001000
11000011101001110001011010101110011101000001
01111010000000011010011111101000010000010011
10110010101110100100011001011000100100110011
11111100110101010110101000100101001101111110
00111010011110010011010011011010011000100111
11100101000001000010100001110001000000110001
11010111110111000001100101011010011101000010
11001010001010110110100110011101001011110010
10010101000001111111111100110001101010000001
11110011010000100010101100010011100100010111
11101101001001111001100001011001110001110000
10010011110001001001111101000010110000001100
n -> 45
001101010001001001100001011110001110101000001
010000001011101111001001010111001100101110011
000111100011011001100001011001011000100111110
101011001000001101110110111000001000100001011
001100000100011010110100100000110101110101001
011111100010011000001101000011100111010010101
111001011001011110111010011000011000001100101
110010100010010101010001100010010001100101100
111000011010111000001110100101111011011011100
000011101011000111010001100011100110100101101
101010011110001111010010011110000001110101010
101010111000111100100000001111100101110010000
101101011010000111111010010111011010110111111
011110100000001111011001100011110101000111100
101100101101110100010010100011001011101010000
001101001000010001111101000000100101011100011
100110110110101000000111010100010110001000010
000110001111010100011110001111010101111110001
100110000011000010110111001011000101010111000
010011000000110101000110000101011101001100010
n -> 46
1000010001001011100011000100011110011011101010
1100110111111011100101111101001001101001000011
0100111101101001010111010001001100110100001110
0111001110010100100111011011100111110000100101
0100000111011101110111110110001110011110001001
1010100100110010001011111100100011110110001001
1001110111110111000001011011001000100010000011
1101000010101001010100100011011010100111100001
1000001111001000110100111100001101001000010010
0110111101110100000100101011011010111101101101
0100000101000000101110101000010111000001000011
0110011111111011101110011100000100110010110011
1100100101000100000001111011100011111011010111
0000010010000110111010110100000110000100000100
1011100001110011110111001010111010111111010101
1000000010010001000101110100001100001000101000
1010010000010110001111111001101110010111100110
1100110100001110100100000000110010000000000010
0110000001010000010000001100000011111101000000
1010000111010000010011100110111111000011101110
n -> 47
01000011011011101110111000100101111110001110001
01001000010001111011111111010100000011011011010
01010001111111011001110010101010010010010100101
01010010000101010011100101100001010100000110110
01010010010110100001111101111001011110001100001
01011111100110010000000111010110000110001011101
11000111000100010101111011110111110010010010101
00100011101100100101000111010011100100011100110
01110101100111111111110101111111010101011010001
10001100011101010001111101011010001000011111011
01010101101001011011100001000101001011100100100
01011100110000101000111001011111001010110011010
11101000010111000000111110011111110111010111101
11110001011101101011101001001100010110110011010
00001110011101100001110010001100000011111110011
01101011011110111010011111000101000101101011010
01101010100000001011011001001000101001110101000
00111101001000000110111001011101101010110001111
01001000000101101110000100011001000001111100101
00011111111011111110101000101011011011101111100
n -> 48
000111100001110111010100111110010110010100100010
110110010010001000101010001101100011110011011000
001100010111110011010011111011111101101001000110
001110001001110100011001000010001010000000011011
010011110110010100011010100000000001101110100111
011001100011000010011101100000111101110011010010
111111100101101110110010001101001011110110011100
100010000000100101001111111111001100000000000111
000010010100110110011000010000001010110001110001
011100111110011011111101001011000001110100001101
111001110000011111101001001100100001100001000101
111110111011110000100110100111101000110000100010
001001011101101100100010100010111110111000001010
000010000100010101101011111011010100111010110001
110011010000100011100110101100010111010010000011
010111101100110101101010110101111010010000001000
010111111101001000110110101111111011110100111010
011010110011101000111100111101000111111110111100
110110101011000111000011110101000110011001000101
000001100101011001000110001011100110110001110100
n -> 49
1000010110100010010001011111101001000110010110010
0000010110011101101101010110010110100001111100111
1101010101011100000001101111100010101111100000011
1011101001100100010010101010010101011001111010000
0111010100000100110101010100011111101000101100111
1100001000100001100100010011111100101110111001010
0000101000100100011111111010011000111011001010011
1101111011101100111110011110000101100001010010101
1000000110000010110010010000011011100100111000101
1010101100010001010110110100010000010011010110010
0100001000001101011000010111011110001011110100101
1111101001110100110100110010000111100010010110011
0000110111101111011000010010111110110101110001011
1010011100101110001001101100010010001101111001011
0111001010101100101100000001101110001111111101101
0100111001101100011101011111111101101101110100110
0101110001110010011011000000101011000000110001101
0000000111100110110000000111001011100110111100010
1101011000100011110110100010001000000011011001011
0001011011000100100100100001010011010001000001110
n -> 50
10001100110001011111010101100000100111111001011010
10100101111110010010000001011101001010100100011100
10110011100010000011001101000011111010011001010101
10011000100010001010111010100001111011111100010010
01101101111100010011000000000011110100101011001010
11101011101101001110101100100100000000100100110010
01011001000101001010001110000001011001101110000000
11010001000010001010111101001100011010110110101000
10111101111111100110111000000100011110001001111110
10000010100110110101010001110000001110001010100100
11001011011110110000100111111111110110110100010100
00100001010100111100000110000111101010110000001011
11000001010010001001001100010101010111110011110100
01001111001001101111010110001111011000100101110001
10110100000001101110000011001100010101011101000111
10110110101101100101111010010110111110000001011111
01110010101011111010010000111000100100110110011111
11010000010110101011011010101000010100101000100111
10110010100110001111010101011010110111011101100001
01111010000011101011001111000001101010111010100101
n -> 51
111010001111011011000100111001110011100000110001111
110110111001111010111000001010110001101100010011010
100100101100110101010101011111100101000001001110001
110111010001011111100010000011001010111110001010101
110110111110111110000010100011111010100011111010000
010101010000101001101101100110011111101111111111101
100011101101011101011010010101111111100101011100010
011000110001101011011101101100100011111100001101100
011010001010110100110111001100000100101110100010100
001101000111011001001010011010101000110001101111011
101101111011011011110000011011111001000011000110010
001101111000110100101100110110101111001010001010110
110000110110001101111011010010000010001011001000000
011101111011100011011001011001010100100101111100101
001011110001100101110111111010001110100000101110001
001010010111001101010101000100111000010001000000100
000110000100101010100110011110100110011000001100100
001110010001111111101100110001111000100011011000110
100101001010011001010011000000101001101101011001000
100000001101110101110011111011101101010001011010011
n -> 52
1001001100000000001010000010110000011010110111110101
1000101011110001011011000000100101011010011000110110
0001010111010110011100001011100101101001110001011011
0010101101001101000101000010001111110011110000010000
1001101011100000000111001101110111111010110010011100
1110011110000000001111010100111101011010001011101101
0010110101010011110101111110000011000111111010100010
0101111100100011001011100101001000000010110111011000
1010001100010101011001000001110001100001001011000011
0000001100011111010001111000010101011001010010011110
0000100100011011000111110011011011111010010101010011
0010001110101111101011001010011110011000011000101110
1100101010101110010010010100000011111111001100000111
0011111110111011000010011011111010101001110110110010
0100011110110111001111011000001001001011010101110111
0000001110110111010101001011011010110010011100011010
1001101110010111000100000011110000100100100011110011
0111000110001110001101000100111011111010110010000100
0011101000001000011110110001100111101000000011000000
0111011111100110111111101001111010011100001011000010
n -> 53
11010000000011010000000100100110100110011001110001001
10100111010000101010010110001011000011010101001001010
11011101100010111111101000110010001111010100100110000
10001000110011101001101100111011110001001011000010001
01110101100011100001110101110101100001101010111100100
11010111111100110111000110001110110110011111000000011
11000000111001001010000110100100001011000010000110010
00001010001011110111101000100110001011011101111010111
11010011010010010000011001111011000011101000001101111
01010100110000111100101101110110000001111001011100011
10000001110101100110110111100010000001011110001001110
00011100001001001011100011001000111100010110100110001
01100100110101101110111001010010101100100100100110111
10001011101101101001010001111100100000011110001110001
01100000111110100111100010011100011110010110011010101
10001011110011001111001000101001000011010110001110000
01011101111111101001101011001110001000000000000110111
01110010100000101100000111010101011001101111110001000
10100100001111101010001001001100100100000000101000001
10101111100000111100000111001011000010001000101110100
n -> 54
101111110000101000100100001111101100011001000111000111
100000001000111111100101000001001100101010110010010010
010110000001010010100110001110001100000011010001011010
111011100110001100101010100110000100111011001011110001
001101110010101101000011100110111110010111001111101111
100100011001111101101100101010000011010111001110001100
001001101010110010100000100011011101000101000011011101
010000110000011101111010010110010000000000100010101111
011011111110000011001111111000001001011001000001011011
000101101010110011000111110010010100010110010010011111
101001011001101101000110000111101101000100101010100001
001111110001100111010010001010100101000000101001001101
010111101011100101011001111110100010011010110111111111
110100100000100000110110100111000010100011100100010001
110110001000101101111111011100000000001110010000111000
111010111101010110100010111101010100100111100011100001
011000100110101011111000000100111101111111011101111100
001110100000000011000011101011111111101110110011101100
001111110101010101001011101000001010100000000010001010
001110111100010101110010001101110110000101111101011001
n -> 55
1010111000111001000111111000010111001110100000100100010
0010101110110111110100000101100010001100111010110110111
0000001101110100010000001001000001100000011110000001010
1111110101101000011011111101000100100111110101011011101
1111100011110011101101000011011000010011010111001110101
1011011110100001001101110010110010010111010111001001011
0110011011100110111100010000111011011110100111110110001
1010101010110101111011111100010110010111011110011100110
0010000111000110001101111100100000011001000101111011010
0010100110111111110111111011011111000000100101101010101
1101011110111010001010001110000011010011010000000101111
1111100101100111010010110100001000011110111000010100000
0101000111011011000110011011101000111011101110110100010
1001011110110000100001010001010111001110101000111100001
0001101011011111111110110001101011010000100000011100000
0100000011101010100100100010001110111001100100010101100
1110000000110000000100100011110011100010001110110000010
0011000111110011000011100101100010101010011111111111111
1000110000011110010000001011000111101101111110010011011
1101001001000110110010111110010000110111000010011011010
n -> 56
01101101100100100011001111011001000010001111100101101010
00100000000011001110001101101001001001100010000100101110
11101111100101010000011011100001000111111110010000101000
10100000000111000011110100110100110001110110010101001101
01100100100110110101101101100111110011001000000010111011
00110010010100100110011000111011011011000100100000110001
01100101010111110001110110110101011100001111110011111001
10000111100101001100011011100001000011110001101100000100
01100110000010101111000011100101111101011010101100110011
10001101110000011100111001011001110111101101011101011111
00011011111100111101001000010001000111000001011011011110
00100110000001000001010101111110000100101100000101100011
10110100000011101111010100111111011001111000001100011001
10000010010110001001101101011111000100010011111000100100
01100011001001111010110000101001000010001111101110110101
00010000101000101000111110110110100100111000100100100001
00111011001000001111001000101011110011101001011011011000
10001001001001000000011001010101110001000111100111010000
11011110110111000110011001101110101101001011111101000000
11001010100110100010001000100000100101110010101000110010
n -> 57
000001000100111101100101010101001100011001000011100111000
010000101001000111111001101100111011110010100111010101000
011110000100000001111011100100101111111100101111100111111
011111101100101001101111001101001101110100011101010111001
011001110110010101100111010000000001100001101011001000101
111011001101011110001100010001101110100010000001101101010
010010110111000000111111101111011110111111111100000001110
111011111110011111111001001011011001010101100111111111110
010011010101011000101111100011101000010000011010101100110
110110101101101010011001001011101110000111011000001001101
011101011011001111010110011001110000100110001110010110001
111100001111010010111110111100001111111100011111110001001
100111000100011010011111100001000011111000100111001001101
110000010011110011101111010001111111111101111001010100110
010011001000010110110001011001100100111101001111100000101
000101110100111011001110110001010101111100100010000110111
000111100001100100001011001011111010101110110101000001001
001111010100011100001001011000000100010000101100000011110
101110010100110110101101111101111000110001111000011010110
110100011000010000011101110000110111111111001110111001011
01000110011101001101100111011110001001011000010001
01110101100011100001110101110101100001101010111100100
11010111111100110111000110001110110110011111000000011
11000000111001001010000110100100001011000010000110010
00001010001011110111101000100110001011011101111010111
11010011010010010000011001111011000011101000001101111
01010100110000111100101101110110000001111001011100011
10000001110101100110110111100010000001011110001001110
00011100001001001011100011001000111100010110100110001
01100100110101101110111001010010101100100100100110111
10001011101101101001010001111100100000011110001110001
01100000111110100111100010011100011110010110011010101
10001011110011001111001000101001000011010110001110000
01011101111111101001101011001110001000000000000110111
01110010100000101100000111010101011001101111110001000
10100100001111101010001001001100100100000000101000001
10101111100000111100000111001011000010001000101110100
n -> 54
101111110000101000100100001111101100011001000111000111
100000001000111111100101000001001100101010110010010010
010110000001010010100110001110001100000011010001011010
111011100110001100101010100110000100111011001011110001
001101110010101101000011100110111110010111001111101111
100100011001111101101100101010000011010111001110001100
001001101010110010100000100011011101000101000011011101
010000110000011101111010010110010000000000100010101111
011011111110000011001111111000001001011001000001011011
000101101010110011000111110010010100010110010010011111
101001011001101101000110000111101101000100101010100001
001111110001100111010010001010100101000000101001001101
010111101011100101011001111110100010011010110111111111
110100100000100000110110100111000010100011100100010001
110110001000101101111111011100000000001110010000111000
111010111101010110100010111101010100100111100011100001
011000100110101011111000000100111101111111011101111100
001110100000000011000011101011111111101110110011101100
001111110101010101001011101000001010100000000010001010
001110111100010101110010001101110110000101111101011001
n -> 55
1010111000111001000111111000010111001110100000100100010
0010101110110111110100000101100010001100111010110110111
0000001101110100010000001001000001100000011110000001010
1111110101101000011011111101000100100111110101011011101
1111100011110011101101000011011000010011010111001110101
1011011110100001001101110010110010010111010111001001011
0110011011100110111100010000111011011110100111110110001
1010101010110101111011111100010110010111011110011100110
0010000111000110001101111100100000011001000101111011010
0010100110111111110111111011011111000000100101101010101
1101011110111010001010001110000011010011010000000101111
1111100101100111010010110100001000011110111000010100000
0101000111011011000110011011101000111011101110110100010
1001011110110000100001010001010111001110101000111100001
0001101011011111111110110001101011010000100000011100000
0100000011101010100100100010001110111001100100010101100
1110000000110000000100100011110011100010001110110000010
0011000111110011000011100101100010101010011111111111111
1000110000011110010000001011000111101101111110010011011
1101001001000110110010111110010000110111000010011011010
n -> 56
01101101100100100011001111011001000010001111100101101010
00100000000011001110001101101001001001100010000100101110
11101111100101010000011011100001000111111110010000101000
10100000000111000011110100110100110001110110010101001101
01100100100110110101101101100111110011001000000010111011
00110010010100100110011000111011011011000100100000110001
01100101010111110001110110110101011100001111110011111001
10000111100101001100011011100001000011110001101100000100
01100110000010101111000011100101111101011010101100110011
10001101110000011100111001011001110111101101011101011111
00011011111100111101001000010001000111000001011011011110
00100110000001000001010101111110000100101100000101100011
10110100000011101111010100111111011001111000001100011001
10000010010110001001101101011111000100010011111000100100
01100011001001111010110000101001000010001111101110110101
00010000101000101000111110110110100100111000100100100001
00111011001000001111001000101011110011101001011011011000
10001001001001000000011001010101110001000111100111010000
11011110110111000110011001101110101101001011111101000000
11001010100110100010001000100000100101110010101000110010
n -> 57
000001000100111101100101010101001100011001000011100111000
010000101001000111111001101100111011110010100111010101000
011110000100000001111011100100101111111100101111100111111
011111101100101001101111001101001101110100011101010111001
011001110110010101100111010000000001100001101011001000101
111011001101011110001100010001101110100010000001101101010
010010110111000000111111101111011110111111111100000001110
111011111110011111111001001011011001010101100111111111110
010011010101011000101111100011101000010000011010101100110
110110101101101010011001001011101110000111011000001001101
011101011011001111010110011001110000100110001110010110001
111100001111010010111110111100001111111100011111110001001
100111000100011010011111100001000011111000100111001001101
110000010011110011101111010001111111111101111001010100110
010011001000010110110001011001100100111101001111100000101
000101110100111011001110110001010101111100100010000110111
000111100001100100001011001011111010101110110101000001001
001111010100011100001001011000000100010000101100000011110
101110010100110110101101111101111000110001111000011010110
110100011000010000011101110000110111111111001110111001011
