Program configuration:
  min_n ....... 10
  max_n ....... 57
  n_sums ...... 20
  n_problems .. 48
  integer_t ... 64 bits
n -> 10
1111110000
0101100010
1001000010
0101100111
1110100000
1111111111
1000000001
0101010010
1110101001
1111000101
0011111000
0000010100
0001010010
1001001111
1001111010
0111010100
0011010100
0010101000
0001010010
1100000101
n -> 11
11010010110
01110000001
10110011110
10010011101
11000111110
00101111100
01110111110
10011010011
11011111111
01000001101
11000111111
10111000001
01010001010
11111011111
00011010100
10100110111
01001101000
10100011100
01011100001
10001010101
n -> 12
011011010100
101111011111
111101100000
111011011100
010010001100
010100000111
101101110010
101100111000
010100100111
001111011000
101111110000
111010110110
100000101100
001111111110
011001001111
000010101111
000000111001
110111011001
001101001110
110010111010
n -> 13
1111101111100
0000001001011
1100011011111
1101111000010
0010010101110
0110001110010
0110100001110
1000110001111
0000101011101
1011000011011
1101100000000
0101001100001
1011010001000
0101000110110
0111111111011
0011101111011
1111000111111
0001011010100
0001010010000
1111111001100
n -> 14
00101110110110
11101101100010
00011011110000
00001010100010
00010010000101
10001010010010
10010011111001
10011010011000
11111001010010
00010110010001
11011010001111
10100100010000
01101101111010
00111110101101
10111001111000
01010111010110
01001010110110
11111000011110
11010000000001
10000000011010
n -> 15
111111111100101
110110111010111
111010110000011
011001101101000
001101011101001
011011010100011
111001000001101
100101001111100
011101011000000
111010100110000
111111000011010
011011011111101
011101001100011
110100000100111
100110000101101
101000101001000
110101001011110
111000111001010
010000100101000
010101010010011
n -> 16
1110011100001000
1101001011000111
0101011111111011
1101111010011000
1001000001001010
0101001101000010
0101111010010110
1011101001111100
0100101011010011
1010000001011101
0000100111101111
1010000010111100
1101011100101111
0110101100100001
1011010110010001
0101101111110101
0000111001001001
1011110111110111
1101110000101110
1011111110101011
n -> 17
01010101001110110
10111001100011101
10110011101100110
11101011001101000
11011100100101001
00101111000011001
01010010000100010
11000100101100100
01111100011101100
10110101111011110
00000010100101111
01111101100000100
01010010101101001
00111010010000010
01000011101010011
00111000101011010
11101011110001011
10111111100001100
00110100111111100
00111001101010111
n -> 18
101010011111010100
101101111001101001
100110010001000001
011111110000101000
011010000110110010
100010011010111110
100000000000101000
001011000111000011
010111011001001110
000001000100010101
111100010100011000
000000111000001011
000111001000110100
110100100000100000
001011011100101000
010000100001000110
111010010101000111
000110000101100110
011100000101111110
111101101110000101
n -> 19
1001110001100011111
1000010101101110010
0001001010000010101
0101100011000101100
0111011011110000000
1001100100011101111
1101100111010111011
1001010101011001101
1111101001010101010
1010000000000101001
0111110011001000111
0000100101100001100
1110111011100010011
1000110001001111000
0100101011111110010
0111110011011011001
1111001111111110100
0111000011100100110
1011001101110010001
1111011100111011110
n -> 20
10101001101010000000
11110100011101110111
00000110111011110001
11001110110011111111
11000010000101101101
01010000111011011001
10110011001000111011
00000010101100110100
00110001011000010101
00001110111010000001
10000001000001010001
00001100010111011100
11001001010101101101
10001011001000111111
11011111101000111101
01010010001010010011
01011011000110000000
00000010001100111110
10010000000010001111
01001011011110100100
n -> 21
000010011110100011110
001011001101000011110
000101010111100010000
011111001011010000111
001011101010011110111
101101101001001010011
110111010011110110000
110101100001001111011
010001111000010111111
000111101010001111000
100001100001101101100
100100111101000010110
110001111000111110110
100000001110110011100
010101111110001100111
011110101011000100110
101110110111000011000
010000111101011101101
101111111000010010101
101100001100001011011
n -> 22
1010100000101000111000
0100100100101000011100
0100010001001100011010
1011101010111011011111
1101001101000111011010
1011100100111000011000
0101101001001001100111
0010110110111001001111
1100011010000110101110
1011000011011100000011
1011101100100001100111
1001110111100001111110
0101100010000011001000
0111111011101010100110
0111010111101011000100
1010011010111101110000
1011101100111111111001
0011111111010111010101
1000110011111011011101
0011000011111000000001
n -> 23
01111111110110000100101
00111000100001010001010
01010100010010011100100
11111100111110101110101
00011111011110100101010
01101111011110110110010
01101110011101000100011
01100101111001111000001
00100110101101111101001
10110101100001100110101
01100010110100110011000
00010100010000110111100
11011111110010001010111
00000010111000001011010
00011000110110001011100
00011101101110010000001
10001011110100110000000
01001111011100100110111
10100010101001010110101
00011010000011111000000
n -> 24
110000110010100111111111
011010101101101110110100
101001100011101111111000
000110011001000110010101
101110111101000110111111
010011001100101000010000
000011100010100000000011
000111000111010000000111
110010110110110000100110
100101011010011100010110
100100000011110111111101
110110001011001010101000
110110110001110011110000
110000010101011110110000
011100101110100101010010
010111000011011111110110
011101011100101100110111
111100000110010101000010
010000100110011111010010
110001110010111011010110
n -> 25
0101100000010100111110100
1010101110001010001101011
0101101110001001000100101
1001100101111100111101101
1101001101111011001100100
1101111011011000101000000
1101101010100100101010011
0111111001111100110110011
0000100001011100000001000
1111100101001010010111010
0001011110100110111111111
0101111010101111011011001
0101100100100110011000011
0010010111010010101010101
0001001010001011000101110
0110011110111110101000101
0100000101011101111111000
0101100000010111110000011
0111011100011000111100111
1111010011110010000111010
n -> 26
00101101001101100111101011
00100101110000110100101001
11010010101100100011001001
10111100110111101010110101
11100000111010001011010010
10110100000101000010011111
01110111011001011100101001
01101101001110100111000100
01101010111110101101010000
11010101110111101010000110
01101001111011011001011011
00000001000111010100100110
01010011100000011100101011
00110010001000000000101011
10001101111100110001000001
01001001110100010111101010
01111111000000111100011100
11110010111101010000001110
10000101111011111001111110
10000111001100101000001110
n -> 27
101000111000010100001110010
001100111100100100110111100
010110001100110111000010011
001011100011010101100111100
000011011011011011100010111
001100110010001010101010011
001110001011111101100100101
111111110100110010010001011
101101111110101001110100100
010010111010000111101101001
100000100110011001110101111
101001110101000110110011010
010001101110000110010001000
101011010111111100111110100
010000011010111101010011001
100100111010110110110011100
110110110011011010001010000
011000101010111111110101001
001100100000011110000101100
111101111111010110011101111
n -> 28
1001110011110001000100001011
0110101011010110100110010110
1111000001011010010000001011
0000100100000100010111100100
0111000000010011001111000011
0000010000110010110001101100
0111110100011110101010100100
1011110011011010001011110011
1010110101101000111011000101
1101000000011010011110000010
0101010010111000110010110010
0110111101100011110101111011
1001111101010110100110000000
0111010100010011001111000011
0001001000100010110010010111
0010000010000100111000010010
1101111100001011111110110101
1110110000001011000111110010
0001100000101101111110110110
1110000111001110000100100000
n -> 29
01011000001101000000010100010
11111110101101001010000110110
01011010010011000111101100001
10001000111100111010000110110
00001110100010101010111101011
11101110011101100111111110011
00100111011011001010101101100
11000100110000001010111010011
01101000001011011001101011010
10010010101101110111000110100
01001100010111001101110001111
00001000101011000010010000100
10100011010011100010000111011
00100011010000000111011110110
11010110000001000011001110010
10101110000000110001010011001
00000001101100000010101101100
01001000110001111011110010001
11001110101011000100100011011
00001110011010000000100001011
n -> 30
010100001011000011010110111000
100011011011100001000000100001
001010000111100100111000110010
101011100000010101100000000110
110111111001101111110100000110
010100110100010010010100011001
010001011110011011010001011110
010000101100111100100111010100
010111110000111111010100010010
111010011000011010001000100111
010000011000101010010100111101
110111111100101010111100100011
001111101101110011101011001010
001111011110101110100100010011
011001100001011001110101001010
010000011110011100111101000100
100001111010111111011110110111
000111110001111011110000001111
101110001101000000111000000000
110001011101111010010010101001
n -> 31
0100111111000010000001010101001
1101111110010111000001010111100
0001111100011011111000101100000
1011110111111101011101001100001
0100001110000110100101000000101
1000001110011100100000111101010
1000001000101000001101010010100
0101101101110101110111111110100
1000001110101000010001101001111
0001000101101010010101011101010
0110011001000100110100101000110
0000010101000011110000010011100
0001100110100000010000010010011
1100111001110011101101111111100
0110010111000011100101110011011
0011110000001101110111011000011
1010101100100000101100110100010
1111000001101110110111111110100
1001101101000111100100011110011
0001111000000010001100010110010
n -> 32
10001001011000000011010110101101
10111000001110010001100111110011
11001101101101100001101111111100
10010010101111001011111010101111
01110010010011011101101111000111
11001110001001010101111100000000
10010111001001111111101010011000
10001001010101001101011101100000
01010111001110001100001101011000
11101100011011110111000010110001
11110100001110000011111111001111
11011100100011101101010111001110
01011110111110101010000011011001
10100010101010100101011111000011
10010010011110011100000010101001
00000001011100111001111111000110
10100011010100110010011011100010
10110100011011000101100110001001
01111100011011100001000000001010
00010110000100100001111011101010
n -> 33
010000000100101011100011010110101
010101110100110000110111111000011
100010101001001110111010000000000
011010011101101101001001000011000
011110100001001000101000111011000
101000111110101010110010110010111
110001110010101001011011001010011
101001101110000111101110100101110
110000110110001000010000000010101
000110101000011001011010001001100
011100011110000111010000000011001
100111011110101100010010100100011
000110101010110101101000111101111
101111111111101101100000110001010
110011111011011100001111100001110
100000001000011101001001010010110
111110100010101111111011000100011
001010110001011000011110011000101
000000110001000100010101110110010
111111001001101000111100011100100
n -> 34
0011110110011111010101110011010001
0011001100000011011110101111010000
1101000010111001101010110001001001
1011101111100101010001010110001111
1110000110110001100010011100100111
0000101111100111010000110110110111
1110011000100100001001010111011000
1111100100101110000011010000010101
0101111100100110010001011011001011
0101001111010000010001111010001011
1100000111000001001101011001001100
1100111111001010011100100010000110
1100001000001010010000010110010011
1110100001010011110001001111001010
0111010110010101011000100001001000
0111110111000100000100111111011011
1001101100101011100010100110111010
1110111001110011110000000101010000
0001100101111010011111000010111010
1110111101011001101111001110010101
n -> 35
01000110000011100110010101011110011
00000001110010110101100110101000101
00011100010101100101000110010100110
00101110111101100100101010000001100
10000100000100111000101101011000001
00010001011011000100111101011111101
11001111001100001011000101101011110
00111101001001000100101101100110000
10101001000101001010011001011111111
01000011000100111010110111111000000
00011001001011111111010000100111101
00110110011101011010001100111101010
11010011000001011000010100111010111
00001110110101001000100111010011010
01001010000000011101000000111000111
11100011000001011000111001000010111
11000001001001111100010000000100101
10100101110000001010100110111101010
01001100101011001100001010111111101
00010000100111000011001000001100001
n -> 36
100001101111111110011100000011010110
101111101100111100001011000101111001
000010101010001110101001010001111010
011001111101100111101001110111011001
110000011010010000111110000011110000
111010010010111011111001011001000100
111111000110000010011011001000000000
100101110010110010100100000011001111
001100001011111101010101010110111100
100010001110100110100011100001000101
101110001011101000110010001110110000
110111001101100100110111001111111000
101011001011100001110110011000000011
011011011001110111000010001101011010
111010000000100000000010000111100001
000001000101011110110100011110110011
011110111100011100111110101010110110
100001011111100101110110010000110000
110110111000101000110010001001100111
000001011111110001110000111111010100
n -> 37
0101000001101101100011000001111110110
1011111100100110010100010111100000011
0010011001110011001100000011100110111
1110001100011010111110111001100110000
0000100011010100100001010100011111101
0111010011010000111000011101111101101
0010101101001100001011101100111100100
0100100001111101100000111011001000011
1000100100111010011000101011111010011
1010001111000100110100110000101010111
1011000111011110110100100010101010111
1110111001001111110010100001001010010
0110010110000000000100001100100011001
1000110011101100100001000111011001001
0010010101000101100000101110000001010
0000011101111111100111100011101101110
1111100111001111011100011000101000011
1101000001010001010010001101111111001
0010111010101110111110001011111000111
0100110111011000001101100010010010100
n -> 38
01000110100011011100010001110011001000
00011111010110011110111000010010101011
10010010101100011111011011111000110000
01001001101000110001110010111000000100
11001111101011000111100011001111100100
10110101001101001100110100011001010110
11101110011100100000001110000011100111
11000110111011110011101001100100101000
00010111101011100101101101110011010110
01000101101111001110001001011101110101
10010101001010110010111110011010001110
01001001001000101000100110101010101100
10101100101010001111111110110011100100
11101011010011010110111111000010101011
01101111001001011110010001011100111011
10011001111110111000001100111000111111
10000100100100000111011110101010100001
01010011011100111101100100010100101111
10111001111011011010010001100101110000
11011101010101100111011011001111110001
n -> 39
100010000101000010111101101111011010001
000000001110010010101110111111000100000
011110100001100011101101000001001001000
010001101001000111011110011011011000100
011101001100001111000111010000011010000
111101111111110110101000010010011111001
101110000101001000000101101011011111100
101011001110110111000111000010100110000
000100100000101111110001001001010100100
110101101001101010001110110011110010110
011000101010011001011100011010000110001
011010001110110100011100000000001101010
100010010111101110010101010010001111011
111110111110001011101100001001100110111
011111111011111101101010101011001111101
001011001011001011110000101100100000000
100101110101100101100111001010100111011
011110010001110111000110101101001101001
110011000110100101101011100110101010100
110101111010110101110000011100001000011
n -> 40
1000101000100110000001000101010101011011
1010001111100110111111100100101000101011
1011101111100100001011110011001101010111
1001111000010010110011100110101100101100
0110101101101100011011110101001001001101
0101001000000011111010111000000000100001
0000110110010000111100100111011110000111
1100101011110010000111110100001111010011
0001001010001001001100100110000001000100
1000101110111011100101100001100000101110
0000000010111001111010010101010010110011
1101101001101000011010001010011100001101
1100001101100011001000011110000001001110
1011101001011011010000101010000111001000
1100001000010001011101000010010000100000
0111101001011101010111110001100100010101
0000110000101110010100001100101000110010
0010011101101001101101011001000111100010
0100111100011000011001110110011110011000
0010101110010001100001001110101011110111
n -> 41
11010111111010000110110010011100101010101
11100001111110111111010011100001011011010
01100111110110010001000011000011000001000
00001011001010101110100011110110010011101
10010001110101011011000010101100100010110
01011000111111110011011001011110100100000
00110100100011100001010000100010101101001
10011000100001011100111110010100010101111
11011100000100110010110101110111100001111
11010010010110110111101101111011000111000
01001101111101101010001101001010010100111
00010101111011000010101111011000010101001
10011110001010000111001011100011110101100
10101101101100101100110111000011011111100
01011001011111100110110011110010100010000
10110111001010010010011101000000111001100
01110001111010000101010101001111111011011
01001010100000010100001110010011110001001
01010110001000111100000011111101101010001
11000100001001101100001100111001010001010
n -> 42
110001011011101111000101001000011111010000
100011111010110010110011101001001010111011
010110000011101001001111010100010001011110
111100101001011101011010110101111001100100
000101101101000010011100100110010011100100
000111101011100011110110111111101000100100
101110001100010011110100000110010000000010
011010101010011011111001011110101010011111
100101011111101000001101011101010000000110
110000001000110011010000001111000110111000
111010011000000100100101111010001110001111
000111101101100011101001001110000000111010
001011001100001000001011001111110100110101
100011101110111101010000100110011110001101
100111000100011101000110011110110111000110
011111001000110000100110000000011010010001
100101000000000010111010001001100011100100
111000111110100101101011001011100111011011
000000001100001010000101010111001101110010
000110011001001111010001010110001100011000
n -> 43
0001001001110101100101110011000000101000001
1100001001000101010000000011011001001111000
0001010001110100110001011101010111100100100
0000001001100000010110010011101000100001101
0001110000111111111101010100011010101111011
0001010010000101100111000110010011111101111
1001001011000000100110001011100100100001100
0101000011000001110011111010101010000001011
1100010111110100010101110000111001011101001
0010001010010100101110101111111111101110110
1111010011111011010110110010111011001100011
1110011110000011110111000001111010011011000
1111011101111001010101010001000001111010000
1000010110001100010000001000000010001011101
0001101000101001100110110010100111010011110
0001100010011001100000100010101011101101001
1110010000001001010110101111101001011000111
0000000010011111100000111011010010010000011
0001101010111011110001111101000110001101111
0010011101010100101000111110010000101100101
n -> 44
01101100011111110100101001001011001100000111
01001110111011011100000100001000100011011100
10100100101000011010111001110001000110000111
11111101000000100111111110011011100100111111
00000101111101011011001111010101011010111010
11000101100111101011110111001111001000101101
10111111110010011011111111010111100000010000
10011010011110110110111111110011110111000010
10111011111101010001010010111000101110011001
00111100101011000100100100000100100111000000
10011001000111001111110011101010101100000011
00100000101011011010101101101100101010010110
01010101101011111101100111100101111001001011
11010101011001011100000111111010100100000000
11011100111000010001100100100100010000010000
00100101100000001110110000110101111011101001
01110011001000100011110100000010100001101000
01010111000111111000010000111101100000001010
01110010100011011001011111001101001101101100
00011010110001011101010110001100100010010101
n -> 45
001000111110100100110110011110001101011100000
011001010110001100111101111101111011111011101
010000111001000001101011011001010100011101111
010001001100001110101000110010100010110011101
010011110001011110100011100111110111011011101
110101011111011011011101101100011101110000101
001100011001100010010000011000010010010100011
111100010001110101010001010000110100110110001
111010000000010001111100000000110010100100000
110000011101010011010100000011001010111100101
001110110101100000000000010011000111101101101
101111010111001001011001101011000010000111000
100001110000110110000011011111011111011101101
111000111100011111111110011100110101011001111
000010011011101000100110101101010111000111000
111100110000011001101101101000000010011000111
001010100111111000101101110100100110000000111
101001100011101100000110100001011001100011100
110010100100011010110010011100011010010010000
001000010110001011100001011000100010110110111
n -> 46
0011110110111010101011000110010010010011110000
1011000000100101100001010000011100110010011011
0010110101010000010101110011010110111110001110
0100101010100010000000000100011110010101000100
0001110100011111111110010011000100010111011000
1110011001110010001100110110010101110111111000
0001100001000110111001111110101001000011001111
0010111001110101011110001100101001011110101011
0010110001010011000100111100111010000010101010
1111001110101000110101110101010001111011000011
0010011010001110110001010101000000011111011101
1100010101011100100011010101110101111010100110
1101110110101111100011100000110010011100011011
1011010010110010111010110100000010111001011111
1111111001000011010110011100001100011010100100
0100111100010010000001000001111111101000100101
1010011000010010111111000101011011100001011110
0010111111011010100101001110001011110111011001
0110101111001100000110001011101000111100110000
0110110001100000100011001001110110010011000111
n -> 47
11100001100101010011010100110010111101000100110
10000001101010101001000110001010110010101000100
00010010100111000010011010011100100010001011101
11010111011101111111001010011011101110000101101
00100101110111101101011100010010011100101010110
11111100101000011000001100001001011011101011110
10111001101110000000010011101010100100101110101
00101011010111010111000101001111110101100000001
11110110100100100001000000111110000111100111101
11110000001101011111101111001000111010011010101
01100010100111000011100000111011110110000110101
00111110111000101011100111000010100010111011100
01011111011101110101000110001110001001011101100
10100011011000100110101001110101001010011001111
10111100000010110100111110101000001100000011100
11001011111110111001110100010011110011000110011
11011101100101000010110111010011011111010001101
10001010011100011001010011011011000100110000011
10011101111111010110000011000011100001011000011
00101101011011111000110110100011011101000111010
n -> 48
000001100111011100100011111001011011001101101101
000110001101010111010010001100110101011011011010
110110010001000001000011110011011110101101101100
101101111110001010010100101010000100010001010111
111000000011100011100101000010011110011000101100
111101110011000110001011010011101101111000100001
100001111001101101110010010000111111011111101110
011101101110001010110011100001000000111011111010
000100010001001001100111000001101010001010111000
011000001011001101011111100001110100101111111111
011110111100111010110010110111101011110001010110
000111111100010100001101000011001100111011101001
010100001100101011111110111001011000000001011101
011100111001010100101101010000110010110100000111
001101100100111000100000011000101110111101000000
111000101100101001000001110001110010010001100111
000101010000111001100001101111001110010100010010
011001100101011101010100110101010110000111110101
011000100001010110000101111100110011011101100110
010111100011100110000110100010110110110101010101
n -> 49
1111110000000101011000011010000000110110111001000
0110110111001101000111010110001000010011011011000
1010001011000111000100010101010000100011101010000
1001100110011000000100111100101101100111010111110
1001110010101000100010000000000011010010101101001
1100111000111011101011010111110100000100011001000
1010100110110111001111001001110011001100111101101
0011001011010101000100000011010010001000101001101
1010001000100100011011000101100101111000110100010
1000001101001101001100111111011110101110101101110
1110100100000111110000000110100001001111010111000
1100001101110000011000111001101110000100011111111
1010110100100101010000101010110110011101101011000
0001011101011011101101101000000000111010101000001
0010001000110000111010101010111011111011000000110
1001100110010100001000000010110000011100011100101
0101010111000111001011011100100101000100110101110
1110110110101001000101011110111001011000110100100
1001100111100011111101010111010111110110010001101
0011111101100111010001010101000110110111100010001
n -> 50
00110001111000101100011100100100010101101001110111
01101110011101010111110110010110010010001111011100
10011011100011101101000011000110010010111110101001
10111111000110001100010011011000100001110000101000
00000010111001110111000110000111001001111000100100
10111010101000101110100101010011110100010010111110
10000010011000111110110010010101010011010001000111
00011011000011100001001000001100010000111001110011
00011001011001111000100110000101001111101010110111
00110101011011101010001110001001001100001000010110
11011110010110111100000111101110100001110111111001
11010010100010011000011101101111001010111110011001
01011110100110100110101011000001011010111000000111
11000010101011100101001010110000010101110100111010
11101010010111100111001011011011001100000010110001
00111001001001101000010110011011001011011011100100
01100000000110101111010000100110011000011000111101
01000001000100011111011110011100100011000100010111
10110001110000011111001110011001001110011101100110
00010111101110010100100111110100110011100010001000
n -> 51
001110001010001010111100001110011100010111101100000
111011110100000011110100000101101110100000001011100
101001001110100010011001001001110100001000010000011
000001000000000101000000011010100000001010111010000
000101000111101111011100010101101010100000111111111
101100100011010001110001110001101001110000111111001
001010111111101100111110000110101000001111011011001
100001100001011100111110111110010100011111110110101
010000010000010011101011011110010100101111101010000
000101111111001011111011111101100000011110011001101
111000011110000000110010001100010110110100010111011
001100111100111110100000101111101011101001000010111
000000000100100100111101110000100000001010000001001
101001101000010010100101110001011110011011011011000
111001001010011100101011000111010001110100001001001
001111001010001100101001101001111111101010010011011
110010111111011000000110001000001111000110100101000
111111011011010011011011100110010111001101011010000
101011001010111010000011100001111011111011110110011
101011111110111101100010110101111110111111000111101
n -> 52
0010001001100011010101000100011010011000100010010110
0011010101110011110110000111011100101001001110001101
1010100101110010010010100101001100001111010100010011
1111001111011111011110010010101010100001100110111110
0010000000001001100100111100101101101001001001001100
0111000010011110011000111100000000110000011000000100
1000111101111110001100111111101001100011010111001010
0111110110011100010100101001110110111101001010011010
1100111001011110000011111010011001100111001010100010
0111110011000000101100100010000000011000000010001110
1001001110011101010111001010001011111111101111101011
0001100111111100101101011101010000110011000001100111
0011110100110001010011010000001101001010011010110101
0111111001010111001000101111110001001100000111101100
1011011001110010101011101110101011110011100001001100
1100001100110001101011010001110010001100110100100001
1100000011000010010111101100101110000111011001000111
1001011110011101101101011010110110111011000011101000
0001100010000001111111110100010110101010100110010110
1101101001110100101011101011010001010011110010110101
n -> 53
10000001100000100111111101000001000110100100001010000
11111100100110111011001111000111111011010110010100101
10111110011000111011010101111101011000011111101101001
10101001001110011110111110100110111010011111101101001
01001000000010001110011011111000000100000100110100011
00110101010011010010010100110000101110110000101100101
10011011100101010001001100000001110111101110110010110
01110000100001000101010000101001100010111111010111001
00001011000011011010001110101010011101000101110100101
00100111011100100011111010011010001100110010101010000
01110001011010110011000001101111000100010111100011011
10110100111011010011000010011110110101110110011011011
00100000111101011100100000000100010001001000010010010
01111010111101010100100001100010001111010001000001101
01011110011110000110010000001011010110011011100101110
11111001000111101000100101101011011001000111110111000
10011001111110001000110000011101011000111000000100011
10101101001011001000100101011001100010110101100110001
11010100110010001010111010000111011101111100100101101
11110110101001100111010000111011111011111001010101010
n -> 54
101101000011000011000100010010110111010001010100101010
010101101011010111000000000001001111101010101010011011
000110011000101011111110110000011110010010110010100000
111110011000111001010000011110010100110010000100110000
100010100111111011101010110010001010011010100111000100
011011110101101101000010101000111010100010100000100100
111111000101001100001011010101111010110110001011001100
001010101001000100110000110111010000110010111100110101
101110001100011111011011100100011101100101111000111010
111110010100111101000110100001011010100011100101101100
100011101010000010001100101111011101010111010000000101
010110010011011010101100001001111100101110101010011010
010011111110001010001100010000100101001111011001000111
110100000100110011101100101101011101101111111011011100
101001001111011111100110001111111001111000111010000101
000111000011111100010000110101100010111010100000100011
100111010010011000101001110110111000011000001010110000
010110000000101110000010110111010111111111011101110000
110011111100100000000111100010001110110000101011101001
001100101111011111100010011111000100110000000111011111
n -> 55
1101101110011000001110001011001101100111101100111110000
0001001001100100100011010000001011011011110011110110011
1000001101001110100111110100011010100011011010000011000
1110011101101010001110000001011100000110000000110010111
0100100001101111110001101001111111000110001100010101011
0011101111101011110011011110110111001110001010011010011
0001110010100001011011100011100010001111110100011011011
0110011110110010011110111101111110000101000111001001010
1101100000100010111110010111000100100001000011110110000
1101111110100000110111000001101110111000110000111010010
1110110110110101110001111000011000101011011110001010010
1001001110111110100010100010011010100010000000010101010
1010000010101010100101110001001111110110101110001010010
1001110011000101110001000010010000101000111010101101101
1111100011110001111000011101000111001111011010001011111
1111000011001100111100111101001001110101111001110100011
1111011111011001001000101100000111001100010110001110111
0000110100110110100100000001100010011100011011111000011
1000001000100110100001001001011100000000010100100101000
0101010000101100001101001001011101110001111100101001010
n -> 56
01111011011011000011100111001110111001111010110001011000
01100010110100101110011101001011111110001110010010101011
11011011011001000011110000000111101111111110101111100110
11101110010011101011011101110111111000010010101110110001
01111111000101101110110010001101011110011110111111001101
11011011010000001111111010100001101100000010101110010000
10010100111110011100010010011011001100011101110001010011
01000011110000011000110000110111111101111100011101111010
00100110101011001110001011001000100111010000101000100010
01000000011011100000010000011111011001010001001110110011
01010011100000111000000111011011010010001001011100000101
11001100110111011010000111011000001100010001010111001000
11110111001110010111011001011110010111011100001110100011
10011001001101000111010110111111000110000010100100100100
11111101110000100101010000110100110001011001010010000111
01000101101100000110010001001110001000101011001001011101
10101111010100000110001101001011011110010101111100010010
00111101000110110111001111010110101101101001000111101011
10000001110110110111001010111001110000101110101010011100
10110110101011101001101010010010110010100111011010110001
n -> 57
000001010110011110101000101101111011011111010100011011111
101100001100000011001110111010100000011100100010100010010
001010011001010001111111111110000101110000111011111101000
011110011101101111011100001100111010000101100001101010110
100111000010100110110101101010101111011100111101110111010
100111001111100011010101000000110110011101100110111001001
100010101100010111100110000111011010001101100110110000010
000110011100010111000000011101101000101010000010101111101
011011100111101001101001100010011001111001101000011010100
110100011110111000101111001001110011111101101110110011001
101000001001110101110000000101110110010000001011110101001
101100110100000111100001110010001111001000010101010011010
001010000001110101100001011011110110100111000110001100000
111101111001001000011110000011111111111001011100011011111
101001000111110001110100111100000010111110001010011100010
101100001000011111001000101100011000100000101011010010000
011011101010111001110101001010110101110101100000001101001
101101111001110001111111111100111100111011001101101101110
110100101011000100011000101011110011000000100110101011100
010101001101111111010011110010100110101101101101011000010
