0.000033300000000
0.000029200000000
0.000038900000000
0.000074400000000
0.000152000000000
0.000116400000000
0.000150900000000
0.000203800000000
0.000294700000000
0.000236300000000
0.000359300000000
0.000552100000000
0.000704400000000
0.000924000000000
0.001677800000000
0.002004300000000
0.002698100000000
0.004584700000000
0.005573100000000
0.010004400000000
0.012565600000000
0.016447200000000
0.025791600000000
0.039988500000000
0.049909900000000
0.067511200000000
0.097370200000000
0.156885600000000
0.200932300000000
0.327702500000000
0.437455000000000
0.653698500000000
0.827121400000000
1.369704600000000
1.820796500000000
2.759932699999999
3.922657599999999
6.113130600000000
8.436705199999999
11.687645600000000
15.626204799999996
24.599446799999996
32.025756000000001
49.239444000000006
65.205997100000019
124.409415600000017
169.766323200000045
260.685406400000033
