0.000108500000000
0.000184600000000
0.000277800000000
0.000388600000000
0.000892700000000
0.002290200000000
0.004710100000000
0.008982100000000
0.013366700000000
0.023612500000000
0.045511000000000
0.076875600000000
0.187108400000000
0.340761100000000
0.962919500000000
0.867144900000000
2.499487400000000
5.205115700000000
13.828374500000002
18.080673200000000
81.385493599999990
119.455810200000016
231.956549400000000
341.585333100000014
973.981793600000060
1569.678589699999975
2798.009300100000019
5571.787373400000433