0.000071387000000
0.000065889000000
0.000070404000000
0.000103191000000
0.000144658000000
0.000172131000000
0.000222179000000
0.000326258000000
0.000375706000000
0.000568311000000
0.000730756000000
0.001032370000000
0.001604930000000
0.001591745000000
0.001856551000000
0.002766941000000
0.003789364000000
0.004997088000000
0.007162549000000
0.010612665000000
0.014292099000000
0.021816959000000
0.025797603000000
0.039396974000000
0.060479506000000
0.081479107000000
0.110865543000000
0.174668150000000
0.244135604000000
0.354320914000000
0.487842541000000
0.763003948000000
0.952333847000000
1.515116155999999
2.324322285000000
3.114787009000000
4.318794086000000
6.540275606999998
8.873543311000002
12.714346578000001
17.851006990999998
29.599883489999996
35.842232441000007
59.641838428000014
73.142736090000000
112.327214099999992
155.652647821000016
268.522011703000089
