0.000375672000000
0.000615884000000
0.000855826000000
0.001601990000000
0.001667330000000
0.002329568000000
0.004878018000000
0.009857180000000
0.018383820000000
0.033699706000000
0.074802338000000
0.103645838000000
0.181926111000000
0.364440307000000
0.837924786000000
1.911444756000000
2.842588727000000
5.665316300000000
12.789615484000000
27.603030793000002
40.794209956000010
61.142346230000015
140.493681535000036
296.610092886000018
729.531090262000134
1854.841247949000035
3098.005696278000414
4150.605552532999354
12809.12946871599888
21831.45661442800337